2 0 57.85986
3 0 0.829337
4 0 57.85883
5 0 60.68518
6 0 61.20193
7 0 48.78046
8 -354.1843 3240.502
9 0 2332.094
10 -1637.108 4877.233
11 0 2387.015
12 0.002631404 8.533265999999999
13 0.02069081 2.654275
14 0.002583083 9.615466
15 0.002630656 9.952683
16 0.002673218 10.29177
17 8.346932000000001e-05 9.283039
18 -3.80029 92.23506
19 0 67.94929999999999
20 -16.5262 69.35289
21 0 58.56401
22 0 0.6332552
23 0 6.898747
24 0 6.0206
25 0 3.444062
26 -15.85933 16.5307
27 -35807.15 2015.792
28 -187.2884 130.5665
29 -5220.004 86303.47
30 -178.5229 35.15248
31 -2626.822 6256.54
32 0 1283.613
33 0 0.7768561
34 0 2542.368
35 0 0.9873459999999999
36 -201 16.6779
37 -14.36047 7.421889
38 0 2485.975
39 0 0.3283474
40 -201 15.72468
41 -26.7494 78.67856
42 0 3400.247
43 0 0.2120756
44 -201 14.26303
45 -27.11701 95.19983999999999
46 -39.046 14.28996
47 -45.82669 36.54941
48 -10.86141 50.19321
49 -8.064837000000001 105.8129
50 -0.1837685 0.08590447
51 -171446.8 32308.49
52 -0.06215456 0.02504072
53 -293.1698 93.73529000000001
54 -25.38065 7.67566
55 -2.272727 36.89949
56 -0.1302079 0.09347242
57 -0.0446163 0.01615055
58 0 18.59296
59 0 6.882591
60 0 4.93
61 0 2.35
62 0 4.93
63 0 2.395
